4.967141530112326869e-02
1.115068034471857900e-01
3.134587409749240994e-01
5.204275383254804987e-01
4.583383366293816708e-01
5.643715565975550019e-01
8.424683874794277605e-01
8.472567156910801867e-01
7.973804869085198144e-01
9.590830568246159205e-01
9.047147470139074166e-01
9.357142753716630734e-01
1.022222955584874970e+00
8.066987039624918809e-01
8.097954674773854000e-01
8.948277633710565171e-01
8.035439404325770418e-01
8.757526587615424019e-01
6.797108352236682638e-01
5.433167357951597110e-01
7.343501291846286083e-01
4.591760440530615606e-01
3.748773731534705278e-01
1.062150685435095943e-01
7.089496111178626714e-02
1.109225897098673266e-02
-2.404325913065346043e-01
-2.111200853302874214e-01
-4.281884216765584616e-01
-5.109230490810430236e-01
-6.479559135154122629e-01
-4.993192874777946377e-01
-7.718629652495828664e-01
-9.500990183976053549e-01
-8.225725612557006627e-01
-1.073140881292255822e+00
-9.614008912282131503e-01
-1.193993740816249316e+00
-1.130845333318114765e+00
-9.626011271417764803e-01
-8.772098582956127100e-01
-8.876902243470227161e-01
-8.558927537408390629e-01
-8.006236123347185707e-01
-8.323993049654316856e-01
-6.597696731319441232e-01
-5.278175511976948009e-01
-2.624123300627863031e-01
-2.143280582080092367e-01
-3.016372491005780976e-01
3.240839693947925731e-02
8.682500552267252703e-02
1.809976871342590665e-01
4.292921815687650300e-01
5.848536263513099964e-01
6.809132642040927053e-01
6.006253536064247722e-01
7.395920051906673676e-01
8.774542686423716376e-01
1.002381565178255052e+00
9.031390925106242973e-01
9.637213530623069957e-01
8.873932310276688717e-01
8.784060660202044346e-01
1.063539832968108501e+00
1.086680519152235957e+00
8.976260403079857619e-01
9.446812152912175131e-01
8.066768452805519463e-01
6.200351304681759324e-01
6.239248128433146912e-01
6.355573307483115553e-01
3.645419487736829001e-01
4.051542527462561605e-01
-1.366412768446705617e-01
8.219025043752274662e-02
-1.166285267404860576e-01
-2.785906222114415409e-01
-3.589484750311270900e-01
-6.805105655618048921e-01
-6.097524410762239500e-01
-6.488358487775133243e-01
-6.227238383016366896e-01
-8.961549473293803914e-01
-9.856764127553382382e-01
-1.001232220653607285e+00
-8.907470389584810633e-01
-9.651516174623030464e-01
-1.051002748804975573e+00
-9.309605074173530337e-01
-9.413487613603497284e-01
-8.079625534127310438e-01
-9.145332348897513564e-01
-8.032794574355666128e-01
-7.237579212419043007e-01
-7.341367471056852168e-01
-4.521416463952586118e-01
-3.420190254666891638e-01
-2.481785415006095563e-01
-1.487919469018187391e-01
-1.415370742050419406e-01
8.326870128776713009e-02
2.144184355121777352e-01
2.878968257625152960e-01
4.656251029351144988e-01
6.281903379739265381e-01
8.731656960497420350e-01
7.879710240589731240e-01
8.700829645742910179e-01
8.973824608894021004e-01
7.591793947652494268e-01
9.796358631837671638e-01
1.004049749422374127e+00
1.244350939676800216e+00
9.630511542505768574e-01
9.812112505285145447e-01
9.013558754954948959e-01
7.274601217400620268e-01
8.847955242272921295e-01
7.597404091973674056e-01
6.668884469967797379e-01
3.908149286222409868e-01
5.084039837782881044e-01
1.085047808856276497e-01
1.840189429443329638e-01
2.190455625810002471e-01
-2.243868660773735424e-01
-3.053196601251317865e-01
-3.581594161759146244e-01
-5.321012395133352113e-01
-7.428515953990857401e-01
-6.776908084480849359e-01
-8.767436141484007406e-01
-7.969686824384973889e-01
-9.967694758893997919e-01
-7.960630757933995216e-01
-1.060612579962312951e+00
-1.030232880048839172e+00
-9.166750066913047501e-01
-1.105373682372084332e+00
-9.283105228347409144e-01
-7.741127770377771444e-01
-1.005076248958137075e+00
-7.520498569225585461e-01
-6.585588265038463396e-01
-5.096029651147426787e-01
-6.054487451895247396e-01
-5.001702139931042401e-01
-1.964957306031643591e-01
-9.563476624098565804e-02
2.504928503458692113e-02
1.599780545140003785e-01
1.806874150070036378e-01
3.913499224007789823e-01
5.110609214315833260e-01
5.163501104898355898e-01
8.711245570431632723e-01
8.178965348669666735e-01
7.251975757817505919e-01
9.704824133294024380e-01
8.535883492724212207e-01
1.060995711102933781e+00
1.113886286329011988e+00
9.159584965931006906e-01
1.078624863653121491e+00
9.923346089888047672e-01
9.870330684654675668e-01
1.034007223767409167e+00
7.459744311755019952e-01
6.091734894929399236e-01
4.988338093299213849e-01
4.001726456051727387e-01
3.604143817432696739e-01
2.828050846465220980e-01
1.530023134973098331e-01
8.271832490360679635e-02
-1.240330443765119695e-01
-1.033364794491243854e-01
-3.945902360084741489e-01
-2.097367574427531633e-01
-5.252185175159717057e-01
-7.702628615703157600e-01
-8.776024925818990408e-01
-7.960806839776950472e-01
-9.271733309986028848e-01
-8.796564668859442326e-01
-9.349634882713339090e-01
-1.005309619693959045e+00
-1.082706100235112157e+00
-1.133771973197275074e+00
-9.957080115018560607e-01
-8.191871730336728330e-01
-8.229185510889959199e-01
-8.950871206469901420e-01
-6.672290133435706538e-01
-5.492535143195901304e-01
-5.701394177218299664e-01
-3.527520420901274489e-01
-2.428690153202544277e-01
-2.396302633473668120e-01
3.577873603482735476e-02
1.814116862011260212e-01
3.569950114823801646e-01
4.735047578881686481e-01
3.439867373060058742e-01
4.940027483009599707e-01
7.360506326495533935e-01
8.218918378670087010e-01
8.958326941326202331e-01
1.290100201531491297e+00
1.008145567364470141e+00
1.095843814746748190e+00
1.093426904777591968e+00
1.063165853558851515e+00
9.507603262646542319e-01
1.026953438344480718e+00
8.275445310122628850e-01
8.206460648280154979e-01
7.219768879928809557e-01
6.927345198673211524e-01
8.192511089598247809e-01
2.950271548425388857e-01
4.367505717221283890e-01
8.741830004588935221e-02
7.814004698536129723e-02
1.088950596967377116e-01
-1.189052316547561799e-01
-3.564643649577829976e-01
-4.396549236106718217e-01
-4.137938992082441647e-01
-6.608219154641886695e-01
-6.629012469704924637e-01
-7.659560587854086222e-01
-9.094879602625970394e-01
-6.904326435334866563e-01
-8.876646140633521753e-01
-1.184801509394449059e+00
-9.793812969513286948e-01
-1.064205374905110579e+00
-8.970439172490670687e-01
-1.030308590138425240e+00
-9.163006966127087427e-01
-7.938291976039688613e-01
-6.839377233587771165e-01
-8.045767466342667040e-01
-6.212353758765688516e-01
-5.292482052178125729e-01
-4.334574759420516399e-01
-7.214446313674838240e-02
-8.483506246821273522e-02
-1.260883954335093038e-01
2.171194282697834765e-01
4.609055068661190857e-01
4.713710787397928370e-01
3.298166775063133827e-01
5.393618450058497160e-01
8.112382208473520873e-01
6.997462962139118225e-01
8.887098683166378965e-01
9.822904578089528549e-01
8.583634691373449588e-01
9.763347151225082454e-01
6.738999944213640569e-01
8.955879642948423314e-01
9.570304355893721748e-01
8.262781980986679820e-01
1.068068182859182258e+00
7.013137877059513192e-01
7.265087941060908161e-01
6.976211636572982044e-01
7.319125811990856434e-01
3.381674589837730394e-01
4.844409279001699042e-01
2.497131932668099907e-01
2.718236845950627867e-02
4.621034742632487008e-02
-1.054272640069587319e-01
-3.087115748807350846e-01
-3.611443441856762027e-01
-5.202850337878907050e-01
-5.764335177673470811e-01
-6.183340384765825259e-01
-6.119115611612523375e-01
-9.681094753847019341e-01
-6.915237150003938904e-01
-1.146265296247404475e+00
-9.974657602322474226e-01
-9.391950077798140173e-01
-9.699275416547683548e-01
-1.044557202710748145e+00
-9.718687413308816359e-01
-9.541271459319036197e-01
-9.032644011964378050e-01
-6.855530330736890887e-01
-6.488455573321818548e-01
-6.570762118185368150e-01
-3.917936865583889205e-01
-3.373946005970164252e-01
-1.674036752809588413e-01
-6.237034937194378681e-02
-8.289950109220869945e-02
6.931512954460514186e-02
3.234192476771782232e-01
4.291615792280211172e-01
4.796635147052966119e-01
5.995179906233528699e-01
8.123135955075322379e-01
7.113561038922068258e-01
8.990376636190187121e-01
8.846077872226296712e-01
9.292883959724311804e-01
1.092164935927407265e+00
1.080568363327074399e+00
1.079377692028335556e+00
1.112835131444122494e+00
9.531569004584289351e-01
9.730223495955151458e-01
8.133012498426691606e-01
8.029298780246335587e-01
6.715328004919207672e-01
5.974848487917460149e-01
5.412693766454085287e-01
2.863024843613335424e-01
4.579286147334044599e-01
2.473149541433844467e-02
-1.214188612787680671e-01
-9.522146214291676847e-03
-1.695236177685617296e-01
-3.057125709794557000e-01
-4.189191231752865119e-01
-5.890099295771574761e-01
-7.742725430772702255e-01
-7.629327869564193065e-01
-9.120440966532242788e-01
-8.073150791242453828e-01
-9.657622544453658975e-01
-1.064836970407940120e+00
-1.030165312593570581e+00
-9.567335830007092090e-01
-1.038659706009087635e+00
-1.033278555851797398e+00
-8.804583313168322656e-01
-8.198312683911445076e-01
-8.212075603129002088e-01
-7.316509364905242618e-01
-5.645802585567077925e-01
-6.265621082514528650e-01
-5.088709301223330872e-01
-3.205343092901055679e-01
-1.466779487354899769e-01
3.109075655979164077e-02
2.728688552592570815e-01
3.344558494850536912e-01
3.521306996883317164e-01
4.798520533114485898e-01
4.875323158286879455e-01
6.826957923294505459e-01
7.416473788837713021e-01
8.765997815358238521e-01
8.221039581107836280e-01
1.002991167719270216e+00
1.135561142028945980e+00
9.871507135825856594e-01
1.038197900638165638e+00
1.051301649899800905e+00
9.109344691065694999e-01
9.272363006470636382e-01
8.455871655801943110e-01
7.802808526306772574e-01
6.072461275431428884e-01
5.902362697183688445e-01
5.315535032262624915e-01
5.132389134641852646e-01
3.446169697733793558e-01
3.406514793154574727e-01
-7.673475628879956878e-02
-3.810116989223744088e-02
-2.303556865910130480e-01
-1.491442593629103419e-01
-5.625835026372293379e-01
-6.717574365105490886e-01
-7.444863704730889653e-01
-9.829028152067679214e-01
-8.969034276700891262e-01
-9.807403186213872193e-01
-9.360171376475334704e-01
-9.481116531509716783e-01
-8.104096445066830690e-01
-9.029843446096665893e-01
-1.039977616294929241e+00
-1.040897983429990070e+00
-8.556351353153699435e-01
-9.763512462040810913e-01
-5.873673661903565657e-01
-5.666030938565634889e-01
-6.347028175029479913e-01
-6.530671270108022730e-01
-2.327373152681365132e-01
-2.601438716901171011e-01
-1.551602366959323187e-03
-1.594427658794387026e-01
6.539573126892431199e-02
2.492142571366698645e-01
3.728226120611484173e-01
4.367471269537866463e-01
6.500702455272184821e-01
5.777850629904298652e-01
7.562752942736600259e-01
8.563574886732046032e-01
9.562709358718937125e-01
1.022218004104042066e+00
8.698230415449013098e-01
8.446153113547091307e-01
1.125794410618122576e+00
1.015518651926648808e+00
8.762078626394977920e-01
1.059942250018271359e+00
8.558953889313007934e-01
8.884429611821724748e-01
6.912989540697006552e-01
7.938600447806734017e-01
6.572877583460381423e-01
3.432281378367739166e-01
3.458469822602944777e-01
1.898708285228168369e-01
1.368631557532405119e-01
-2.218255796223154719e-01
-1.800847411650109142e-01
-2.622821039997185744e-01
-6.576276227440254196e-01
-7.061111035590488250e-01
-8.884703237046966962e-01
-7.974539262202428036e-01
-7.725736999224204204e-01
-7.545913472564145241e-01
-9.436470382531765289e-01
-8.194256961715584708e-01
-1.136036874249760853e+00
-1.168364972363787224e+00
-9.878420206183509134e-01
-9.126499714012236142e-01
-9.080965272754298878e-01
-1.051072135506000871e+00
-7.794252467270710305e-01
-8.149940559791725159e-01
-5.208179974094738762e-01
-4.450938494920298472e-01
-4.621125313174202498e-01
-3.000765788985249594e-01
-2.312545857532009030e-01
-6.267909727319391673e-03
2.208474656144322479e-01
1.501172825312969139e-01
4.185292042364650023e-01
4.287279122644667151e-01
5.084979690662396745e-01
6.738440699332282069e-01
6.669890105338518449e-01
7.889629949672926079e-01
7.850392632071339083e-01
1.147529029586793925e+00
9.858136059258609807e-01
9.280541776290132105e-01
1.019424719501694110e+00
9.710544457596053114e-01
9.289595563418331370e-01
9.662437224703616101e-01
9.200786965067494494e-01
7.174631280147372170e-01
6.269652818642270642e-01
5.602800825773105453e-01
2.515615576281531318e-01
2.166054464648262401e-01
3.853773139093047417e-01
2.898300049144377777e-01
-2.490360395563905732e-02
-6.767753725872105441e-02
-2.175648717105010121e-01
-6.023647183914676573e-02
-3.697961829582561144e-01
-6.005770114405419857e-01
-7.801011499887291478e-01
-9.311578748015487683e-01
-8.239815619152904835e-01
-9.804621269944505668e-01
-1.093281887254919260e+00
-1.046944539152941500e+00
-1.106181528789710544e+00
-8.293125649210151273e-01
-8.941232750337453350e-01
-9.518537804268161207e-01
-7.568326385770151044e-01
-8.365910947372553474e-01
-8.566416629086140988e-01
-5.322346982017267525e-01
-5.338942479240063044e-01
-5.854782895343667581e-01
-3.871584204930390571e-01
-3.362517125033384069e-01
-2.636132066607396185e-01
9.261775475315459083e-02
3.162748976113142207e-01
1.088331297829438216e-01
4.244214763537307866e-01
4.166894171895341170e-01
5.390727139159985359e-01
6.253077135048020763e-01
6.841141658078029320e-01
8.491800882964972708e-01
8.217320408249118024e-01
9.781021988731389838e-01
9.772634397837745013e-01
9.741319237416308230e-01
9.072703622241120591e-01
9.246101176718550807e-01
1.026595638877731087e+00
9.549187712284573637e-01
7.465724010221563844e-01
7.804464733187126413e-01
7.596858182658637881e-01
4.208447241803379146e-01
5.360896933397053532e-01
3.018621767900970254e-01
3.057497540241683742e-01
4.900731791005795424e-02
-1.804882100664528810e-01
-2.880874773526278521e-01
-2.438813924987162096e-01
-3.421523025125353668e-01
-5.721853366121544271e-01
-5.239260064147392981e-01
-8.506991121555822488e-01
-7.771212226405229684e-01
-9.654295454782582109e-01
-9.700106632462360823e-01
-9.463166491635146560e-01
-1.068328587257084017e+00
-1.036482282851254766e+00
-8.973974475068275947e-01
-1.039976437681002563e+00
-8.674873050886403592e-01
-1.017797737931779523e+00
-7.913475077104888955e-01
-6.263563807099977732e-01
-9.317115559414111958e-01
-6.674747778395200282e-01
-4.240464613836548158e-01
-3.884290912889777903e-01
-2.115752998277183050e-01
-1.857317522358882533e-01
8.658978747294402908e-03
1.097655100250929244e-01
3.654680933308384061e-01
3.935666370147947735e-01
5.155139403092368067e-01
5.465975556802327162e-01
6.357864835214395161e-01
7.272574239938314200e-01
8.837731397398440603e-01
8.627286043839952345e-01
9.800340019847941786e-01
1.189827330593233201e+00
1.085139198771440494e+00
9.654243752114874955e-01
1.102408642945084338e+00
9.102489789929982811e-01
7.010145989482309270e-01
7.435192944102750889e-01
5.834340506732000886e-01
6.493957575245592473e-01
5.896270902114246759e-01
6.493974053292466131e-01
4.008172900610915690e-01
2.267798342839731918e-01
2.082737916826516988e-01
-2.211135309007821736e-01
-1.017717777534476870e-01
-1.716033677761643061e-01
-5.159831772626608526e-01
-3.673782697810267228e-01
-5.539356115430293936e-01
-7.260758973187714238e-01
-7.072350561651582490e-01
-6.172586397215765741e-01
-8.866404269601674271e-01
-9.262344576651202477e-01
-1.028223340682711706e+00
-1.083011165374750950e+00
-9.149931467738466884e-01
-1.067895633319575932e+00
-9.438998925732130507e-01
-9.525927971425325325e-01
-7.964299429273744568e-01
-7.371470322470977665e-01
-5.807931115028976965e-01
-6.387868921779529252e-01
-5.087411676310523712e-01
-4.660009242629161164e-01
-2.931192131724674743e-01
-8.760318425981417079e-02
7.569886166453225484e-02
3.311670114654512165e-02
3.356504791754166273e-01
5.036883385651749201e-01
5.230971644240802743e-01
7.754648335482802191e-01
6.071681860183262280e-01
6.460477724446470615e-01
6.664559006115825524e-01
1.054431483614936660e+00
1.016493081930560649e+00
9.767287836376425947e-01
1.026023591060253759e+00
8.854778236984343076e-01
1.226862448690371199e+00
9.639786344926785100e-01
9.157665319265088089e-01
9.169045878918885562e-01
8.186141659494616807e-01
7.069355083565983522e-01
5.087378067479444432e-01
5.289005098153118922e-01
5.563270023321855717e-01
3.832318917803507752e-01
2.846518962282498233e-01
-5.112156764311900914e-02
-2.242937155901550961e-01
-2.612685791748187714e-01
-3.625520614558004340e-01
-3.723345222546182720e-01
-7.570317152639581826e-01
-5.315920739826244246e-01
-7.863140326336899300e-01
-8.870160324967543142e-01
-1.006037489992036571e+00
-1.116542183481728401e+00
-8.999701923324971986e-01
-9.906949317094306817e-01
-1.127022818402377169e+00
-1.111795127935052196e+00
-9.846349862241674522e-01
-7.379248999370786599e-01
-8.702870606383780183e-01
-9.208275380875988736e-01
-7.091214123372875378e-01
-6.150576092672398465e-01
-7.514423383958789282e-01
-3.735540393364601419e-01
-2.717833401857311926e-01
-5.571259708296485980e-02
1.848956094945242434e-01
2.379897365190761227e-01
2.218010181093604261e-01
2.574719618105192342e-01
7.390896544267022694e-01
5.937070956939164423e-01
6.859400351199727019e-01
7.681007340647928450e-01
8.641364015787996733e-01
8.903910112736210802e-01
8.936903156071246412e-01
9.276013566046501513e-01
9.947514014066715093e-01
9.436842513148958611e-01
9.110026724609707749e-01
9.616995390643432451e-01
8.793293307239370415e-01
9.947272243602921504e-01
5.054162619364848119e-01
7.936977911209368575e-01
7.123937715422443695e-01
2.744146508609162094e-01
3.338557932766409442e-01
2.115458005652809392e-01
-1.541793590746473597e-02
-7.778166875909489630e-02
-2.363908181108866635e-01
-7.346284282248449760e-02
-2.745567133699168827e-01
-3.545981646023033118e-01
-5.156180458881468587e-01
-7.974522830504033877e-01
-8.229652694037545846e-01
-7.953904693792241964e-01
-1.027039833355211318e+00
-8.797566732779105170e-01
-1.006319790544503379e+00
-1.035508809183231405e+00
-9.269307316079230530e-01
-9.378609195800878817e-01
-9.871531328770604130e-01
-7.888940721295962799e-01
-9.524342582620111131e-01
-7.089196820813665756e-01
-6.252369801318496956e-01
-6.187398962238777056e-01
-4.491403718775164311e-01
-4.932359103232029085e-01
-1.562871852441666543e-01
-1.438234472086128979e-01
-5.227230205192159168e-02
2.302341561479961107e-01
1.782555181105741626e-01
2.272784230483102241e-01
3.260907567493193104e-01
6.483862474270370990e-01
5.565041706790547771e-01
9.459926609742158599e-01
6.361349847136456015e-01
1.074472689295022043e+00
9.721582630154123050e-01
9.726159395416487108e-01
9.435348197473767407e-01
1.037940339863479000e+00
9.785237804862064737e-01
1.061386704496803501e+00
9.162498173322236594e-01
8.593581016482073620e-01
7.341520215544141692e-01
6.788525435565787580e-01
6.185654291816817807e-01
3.107368348360626253e-01
2.333060104741112861e-01
3.230162965671249387e-01
1.424197773771047615e-01
-1.839833363525370316e-02
-1.234898402577712662e-01
-2.139317166286863192e-01
-4.221005207156055539e-01
-5.595841466419440025e-01
-5.682007267827077213e-01
-7.823843836901887006e-01
-7.296879672043343756e-01
-1.014586285925795917e+00
-8.019114887334553021e-01
-9.037967680538471216e-01
-9.566842772972983244e-01
-8.997576300337206678e-01
-8.314792839820139836e-01
-8.808502442268775212e-01
-1.135143939428319371e+00
-1.032784749139588509e+00
-9.068097832715857898e-01
-7.679041377547142222e-01
-6.327812038817810514e-01
-6.603596336078196849e-01
-4.630769976540143329e-01
-4.436628459200117058e-01
-3.098416674640449564e-01
-2.659993432491294385e-01
-9.232332461110122346e-02
-9.835226997333468280e-03
1.511025618671234805e-01
4.734887323454565200e-01
3.868137852185089542e-01
8.510234587762062208e-01
7.338788960167770270e-01
7.889968551452711809e-01
7.584921474838924871e-01
9.748580404069202565e-01
8.934927336713750501e-01
9.944882321932226876e-01
1.254035182255150760e+00
9.884207384558065801e-01
1.097214583357257522e+00
8.807388737825649905e-01
9.013282034163265788e-01
1.021407989065566957e+00
7.078165369970186305e-01
8.657919617283837965e-01
6.585604458380178716e-01
4.255069965122924014e-01
4.313653265902415157e-01
3.459453321275335336e-01
1.875142297860234453e-01
-1.570224719890382925e-01
-1.980469511467901622e-01
-2.734417507199968234e-01
-3.755678955946804565e-01
-4.196864643466385325e-01
-5.700151521991445591e-01
-8.180815417997007177e-01
-7.324934576751896964e-01
-7.832693509736334825e-01
-8.488480076729125745e-01
-8.429784437396913299e-01
-8.988950352737967719e-01
-9.521087205054279412e-01
-1.005043299574136961e+00
-1.148383344080288637e+00
-9.080946943818984929e-01
-8.840582837497104052e-01
-8.171700417824768747e-01
-8.981881003578240374e-01
-7.926527599695146753e-01
-4.824699669591886453e-01
-4.857091894873816762e-01
-2.999744829474237928e-01
-2.458580495518111475e-01
-1.223576196147399542e-01
